230 38 69 22
44 39 45 10
17 46 69 12
152 41 58 16
181 11 58 18
9 49 75 7
58 33 24 12
120 20 12 13
9 2 1 5
200 3 21 16
66 6 24 13
215 24 4 17
24 35 66 9
98 8 7 14
204 33 46 19
195 48 53 22
68 37 114 12
281 40 56 24
69 20 18 11
147 24 19 15
218 28 53 18
237 5 24 18
13 16 50 6
228 17 26 20
62 13 18 10
263 4 20 17
143 29 13 15
240 17 23 21
249 27 23 19
71 16 41 10
293 28 43 21
113 17 39 12
97 2 30 13
266 20 0 17
96 1 7 12
291 4 8 18
267 44 5 25
75 49 46 15
43 27 35 10
228 38 32 22
202 22 32 17
177 33 39 17
294 28 2 21
207 8 26 18
25 26 43 8
175 22 32 16
90 10 36 11
240 42 18 23
227 16 50 20
67 12 37 10
200 3 35 16
100 10 4 11
216 42 40 23
183 46 59 21
263 29 16 20
199 49 60 24
7 28 41 6
136 19 17 13
211 50 38 24
211 30 9 18
54 2 21 8
261 43 55 24
239 16 27 21
103 30 8 14
131 43 29 16
69 9 1 11
32 25 2 11
139 14 10 13
237 28 11 19
217 44 27 22
199 31 39 18
110 14 32 12
27 33 19 9
129 6 31 11
213 25 13 17
17 44 89 9
28 2 21 7
120 28 14 14
5 30 9 5
116 8 23 11
76 27 22 12
240 4 37 17
75 20 32 11
68 44 36 14
214 43 34 22
193 18 66 20
76 28 16 12
111 41 63 16
88 26 73 13
110 48 51 17
134 5 9 14
29 2 33 7
218 34 59 19
251 36 72 22
107 14 11 12
163 32 53 17
198 4 6 17
185 21 22 20
290 42 51 25
135 42 46 17
222 4 50 17
296 36 101 24
280 10 21 20
188 17 18 20
238 34 5 21
138 46 59 15
25 11 30 7
90 0 23 12
13 0 26 5
255 27 6 20
226 8 56 18
242 38 23 22
176 15 2 17
210 21 11 21
78 47 34 15
75 35 53 13
139 14 26 12
76 1 15 9
126 37 79 16
19 16 22 7
141 27 46 16
19 22 50 7
224 2 16 17
123 35 12 15
230 32 74 20
87 12 26 11
8 39 51 7
80 0 9 12
220 49 3 25
60 12 43 10
1 40 9 2
265 3 43 18
8 27 2 6
220 34 45 20
37 39 66 11
48 47 8 12
26 39 9 10
274 29 60 21
43 26 20 10
185 44 2 21
73 17 13 11
194 35 76 19
220 33 38 20
105 6 34 10
96 15 39 12
140 2 9 10
240 7 9 18
243 49 44 25
38 40 12 11
45 26 21 10
281 14 37 16
121 8 49 12
198 23 14 17
171 40 38 16
188 21 10 21
4 12 6 3
94 44 50 15
150 1 24 10
12 37 45 7
132 18 35 13
172 18 31 16
86 36 49 13
188 18 26 20
164 37 7 18
117 15 5 12
234 3 85 17
18 38 22 8
207 5 19 17
215 24 58 17
284 11 6 20
50 12 18 8
164 21 47 18
20 20 17 8
168 7 13 17
222 3 13 16
277 49 42 27
248 30 20 20
170 8 35 17
277 2 24 17
166 10 18 18
157 3 8 16
218 5 27 17
56 6 30 9
288 43 72 26
254 21 30 18
205 45 20 23
140 2 27 10
191 29 18 17
286 14 4 21
19 12 23 7
40 41 6 11
76 11 6 12
17 4 32 6
167 42 4 20
150 36 6 17
38 4 14 8
94 5 8 14
177 9 6 15
284 42 66 26
232 9 9 18
